10010000000011000000000000000000
10010000000111000000000000000000
10010000001111000000000000000000
10010000000011010000000000000000
10010000000111010000000000000001
10010000000111010000000000000010
10010000000111100000000000000010
10010000000011100000000000000001
10010000000011100000000000000000
10010000000011000000000000000000
10010000000010010000000100000000
10010000000010010000000100000001
10010000000010010000000100000010
10010000000010010000000100000011
10010000000010100000000100000011
10010000000010100000000100000010
10010000000010100000000100000001
10010000000010100000000100000000
10010000000010100000000011111111
10010000000010010000000011111111
10010000000000011000000000000000
10010000000000011000000000000001
10010000000000011000000000000010
10010000000000011000000000000011
10010000000000011000000000000100
10010000000000011000000000000101
10010000000000101000000000000101
10010000000000101000000000000100
10010000000000101000000000000011
10010000000000101000000000000010
10010000000000101000000000000001
10010000000000101000000000000000
10000000000010000000000100000000
10101100000011110000000100111111
10000000111110000000000100111111
10000000111110010000000101000000
10000000000000001000000000000000
10101100000001111000000000111111
10000001000100011000000001000000
10101101000101101000000001111110
10010010000011000000000000000000
10010010000111000000000000000000
10010010001111000000000000000000
10010010000011010000000000000000
10010010000111010000000000000001
10010010000111010000000000000010
10010010000111100000000000000010
10010010000011100000000000000001
10010010000011100000000000000000
10010010000011000000000000000000
10010010000010010000000101000000
10010010000010010000000101000001
10010010000010010000000101000010
10010010000010010000000101000011
10010010000010100000000101000011
10010010000010100000000101000010
10010010000010100000000101000001
10010010000010100000000101000000
10010010000010100000000100111111
10010010000010010000000100111111
10010010000000011000000001111110
10010010000000011000000001111111
10010010000000011000000010000000
10010010000000011000000010000001
10010010000000011000000010000010
10010010000000011000000010000011
10010010000000101000000010000011
10010010000000101000000010000010
10010010000000101000000010000001
10010010000000101000000010000000
10010010000000101000000001111111
10010010000000101000000001111110
10000010000010000000000101000000
10101110000011110000000101111111
10000010111110000000000101111111
10000010111110010000000110000000
10000010000000001000000001111110
10101110000001111000000010111101
10000011000100011000000010111110
10101111000101101000000011111100
